308 385 247 427 169 606 40 652 384 302 724 574 708 771 509 173 772 399 108 140 570 428 928 97 610 953 576 10 806 986 830 596 376 357 497 438 920 910 514 548 75 312 916 436 260 90 45 471 558 581
818 455 643 440 598 509 942 590 103 402 32 878 943 928 145 725 306 324 82 509 783 459 493 279 766 8 642 747 243 551 276 717 954 612 857 336 532 502 716 916 795 901 185 999 273 35 287 53 514 848
528 983 4 42 439 714 414 460 141 802 625 522 378 96 611 936 96 553 979 154 847 964 846 530 854 947 455 572 832 587 74 759 685 480 604 829 217 497 771 38 482 31 179 673 476 144 464 540 415 541
304 841 654 526 669 746 871 624 419 496 39 445 257 872 98 808 13 839 406 833 290 575 444 802 503 586 69 641 241 950 575 126 73 629 208 724 148 840 526 653 624 195 93 55 207 627 596 880 153 728
145 758 487 771 622 330 504 23 590 917 111 9 219 85 481 475 417 279 17 513 227 82 232 925 314 0 707 338 521 898 820 122 404 377 437 314 704 334 880 929 189 68 302 9 644 790 665 611 155 77
215 684 700 492 965 103 126 160 191 211 697 888 870 722 342 585 709 49 487 439 188 757 513 350 148 267 234 612 287 284 668 564 487 519 618 864 442 238 612 43 509 984 522 996 190 545 122 358 524 31
718 796 463 104 774 382 612 822 779 832 973 406 856 125 769 405 283 804 854 987 750 334 592 517 633 218 622 568 471 819 832 189 338 24 159 112 393 161 122 498 764 467 923 161 235 322 943 25 486 186
426 713 510 409 291 502 268 488 609 293 801 751 700 301 288 918 554 147 667 389 664 384 81 42 266 396 275 675 671 749 169 645 771 941 608 182 490 50 375 226 486 145 600 336 426 795 45 378 711 323
683 716 701 812 461 875 770 760 121 755 574 11 544 135 73 670 111 22 1 966 602 341 846 413 411 446 605 363 665 833 174 357 69 804 272 622 377 370 407 953 157 114 302 337 808 721 467 102 300 225
567 829 986 213 86 420 162 44 157 170 869 552 840 698 882 153 381 797 458 712 799 806 529 814 357 874 296 116 620 219 213 56 542 971 201 749 188 476 528 142 718 396 192 939 893 578 503 42 834 52
971 5 790 767 655 356 161 280 333 108 820 249 912 621 480 314 988 591 573 612 934 221 148 274 736 655 419 972 904 510 667 377 430 861 368 642 835 504 977 684 497 171 127 251 333 575 123 460 281 519
2 657 941 695 21 157 396 534 731 718 352 642 352 51 133 799 548 36 103 33 192 907 380 842 46 330 338 652 71 107 956 44 566 547 383 354 175 696 69 236 484 842 344 522 58 314 872 166 691 935
793 333 337 385 129 20 800 221 891 497 961 234 94 928 594 222 901 47 535 192 503 650 212 320 536 939 703 102 682 377 186 558 410 373 219 877 173 183 79 887 23 628 705 873 795 204 729 971 435 978
534 439 510 407 536 459 533 297 410 649 133 776 221 724 169 118 326 330 103 529 527 395 561 854 371 814 957 301 469 31 386 655 527 852 853 167 674 912 433 862 88 638 503 455 81 516 236 758 208 123
752 484 169 477 124 923 366 436 772 452 141 448 54 898 728 438 93 508 599 784 78 959 790 54 348 5 262 926 293 854 594 806 132 535 440 407 439 293 192 737 738 192 503 648 231 183 990 65 620 590
485 725 676 992 945 819 813 360 84 995 124 524 72 551 314 781 274 536 150 404 796 175 328 226 664 608 252 132 536 317 15 935 301 558 664 747 194 60 88 46 978 625 736 24 373 978 646 801 804 372
836 21 608 995 601 60 855 620 706 823 945 483 931 626 773 631 729 888 443 591 713 951 443 2 223 618 425 192 604 10 56 345 500 60 89 159 250 362 318 486 91 204 968 978 463 583 59 493 301 545
843 42 565 996 916 95 690 306 922 671 73 922 184 396 843 847 191 405 524 295 643 36 586 786 418 709 471 991 715 978 162 791 892 943 743 634 394 933 97 357 686 750 486 820 991 697 935 592 55 541
529 513 519 395 798 941 925 609 757 132 988 428 111 382 629 120 176 184 279 777 22 875 424 149 914 954 938 905 602 99 765 142 90 213 728 164 75 147 78 418 836 938 74 469 502 932 684 202 643 406
93 350 563 190 380 116 101 757 814 357 823 850 773 58 758 242 920 954 871 804 155 303 810 246 654 250 845 349 517 521 812 604 500 633 409 475 131 568 432 220 967 454 966 351 422 387 868 318 168 196
