5136314 4769888 5567168 5145043 4849361 3874919 4493039 3688860 3389394 4780271 5130774 4807624 5402662 5003045 3726838 4696505 4626597 3625284 3290846 4633725 5580898 4738526 4263981 3809479 4217385 5063618 4467919 4090188 5082116 3936983 3574308 4461488 4392560 5562528 4361714 4754885 4035697 3971272 4434597 4572617 3962141 4179010 4300720 5039817 3674969 4677526 3300649 3989420 4196453 3662117 
4807895 5270480 5826231 5643628 4812527 4352918 5139869 4287211 4548082 5147892 4832386 4707828 4811668 4590144 3744899 5391354 4415849 3511898 3310816 5114607 4878581 4597098 4389575 4346174 4355200 4693201 4737699 4914488 5057045 5362300 4443861 4228395 4288007 5953161 4431668 4811742 3907390 4307670 4261284 5300914 4484297 4144822 4221351 4456973 4256399 5266494 4643000 4208884 4082133 4359547 
6107581 4745240 5664763 5225769 5196332 4235868 5106744 3959993 4782320 4472048 5899741 5142191 5174033 5334195 5173874 4774845 4606197 3851893 4365356 5457071 5299260 5290115 4861293 3926334 5046363 5424795 5105091 5575655 5681932 5013842 4049701 4825565 4646863 6053465 4706321 5459404 3741756 4036888 4206173 5032202 5196689 4894192 4179212 6112725 5104992 4984942 5067045 3741396 4364841 4281805 
6432751 7333426 7209806 6663044 6755517 5963002 6856383 5906690 6182654 7013316 7330787 6432642 6482321 5863661 6154307 6673467 5384339 5676258 5274058 7211065 6365789 7017339 6426861 5348624 6150241 6584918 6376725 6154131 6712885 6432147 5838220 5527097 5371069 6709901 5638177 6128367 4445137 5126415 5065260 5929485 6643931 5682423 6209055 6341179 5566557 6837046 6624271 5072827 5817398 5132379 
5991561 5970308 6446179 6089234 6481341 5130031 5248923 4655046 5874191 5550280 6409123 6141996 5892000 5798654 5955900 5293778 5160186 5076305 4735375 6342644 5772414 5567971 5720850 5390957 5491155 6459805 5925232 6189434 6559061 6463935 6026496 5010243 5099295 6695177 5587178 5404701 5226765 5578752 5145788 5618871 5666291 5194601 5369752 5600122 5037639 6367572 5517484 4884085 4817919 4075838 
6035708 5692217 6663707 6787532 6229197 4384041 6057195 4970564 5514387 6470879 5591534 6286648 5859444 5644363 5013840 6394512 5701935 4305682 4294360 5507348 6086393 5363851 5831323 5332528 5499713 5786590 6052163 5836472 6180804 6268674 5219849 5907450 5786259 6914100 5724295 6309944 4777061 5677340 5120013 6102916 5456225 5776233 5591528 6289000 5222246 5562626 5887142 5300893 4497573 5446644 
4701504 5277203 5719742 5182722 4749019 4777478 4883727 4770452 5116870 4897973 5602209 5386021 5275693 5063898 4713783 4628614 4773876 4750523 3715375 5550368 4759477 5340483 5081844 4149043 4903213 5468971 5386798 4719855 5384941 5162287 5274015 4246371 4335876 5630836 4693659 4249918 4144566 4932937 4393203 5132072 4950909 4287897 4959000 4683797 3966587 5251770 4646791 4194212 4446385 4219479 
4152581 4630664 5145947 4845422 4485168 4279354 3893929 3865357 3890837 4241868 4661611 4504720 4739701 4544431 3949665 3843381 4244478 3694589 2893751 5119798 3992181 4450833 4835712 3645577 4113806 4340935 4719343 4128839 4679667 4638802 4772624 3986574 3493256 5172726 4229435 4239909 4007916 4217033 4214113 4722770 4213620 3908511 4238997 4262668 3547993 4637155 3993747 3391167 3803174 3105591 
5520518 5170848 5589551 5616599 5125138 4490897 5540234 3989094 4187665 5231666 4912985 5087969 5003229 5689008 3972052 5208204 4501907 3601242 3270483 5000135 5470851 4978272 4282331 3774439 4558711 4960878 4874307 4529469 5178920 4714973 3671990 4994277 4647029 5715965 4884100 4732142 4142004 3855379 4283782 5408004 4422955 4557214 4645442 5292986 4134857 5141752 4005605 4452935 4580610 4331640 
5558238 5148504 5531169 5518168 4950508 4673321 5310244 4386104 4213457 5469912 5163012 5362699 4913216 5655758 4541182 5240246 4382007 4800757 3858515 4846244 6072911 5217649 5214897 4482381 5014750 6702307 4794200 4158773 5879757 5044237 3524982 5024130 4628215 6124100 4624043 5422272 3937541 5342494 4323048 4845650 4401593 4050916 4812197 5232436 4479886 5016654 4241684 5170753 4219968 4649587 
3959405 4041144 4435839 4135294 3956488 2901100 4093663 3603799 4120896 4470438 4045195 4262065 3946807 3473766 3978742 4382768 3637720 3938479 3604321 3881757 4279699 3651074 3873169 3683085 3925591 4049463 3767667 3777180 4172144 4426964 3475821 3641469 3878107 4399088 3343897 4142550 2625224 3776257 3065204 3485596 4344178 3497836 4013031 3840646 3639985 3698300 4599095 3533145 3136773 3802866 
5779019 5206337 5828005 6058571 4942106 5062478 5713699 4645702 5696418 5600979 5648127 5078494 4252387 5490368 5397673 5103363 4548957 4575040 4105177 5562537 5121096 5646545 5224061 4159759 5113728 6007222 5122281 5121495 5741574 5460894 4631731 4936690 4120839 5863022 4565472 5346676 3626894 4539815 3396371 5197657 5473623 4717959 5200360 5208903 4956336 5555429 6142928 4580686 4898042 5059571 
6012403 6218436 5931980 5700808 6359589 5634252 6466897 5409385 5534873 6060692 5123681 6451645 5059039 5463984 4916027 6518045 3835261 4658242 4673642 5658316 5751630 6035042 5587287 5028299 5890022 5847297 5459664 6917154 5546057 6055197 5298895 5394401 5320595 6094400 5924142 5092388 4168596 5307964 4247604 5225463 6413711 5748297 4646172 5553093 4093248 5412522 6077267 4519952 4990691 5549784 
6036174 5929701 6478246 5805227 5564005 5275806 5361414 5037745 5827054 5224890 6828553 6352416 5901847 5711286 5861588 5729762 5241014 5128907 5251115 6253187 5672237 6544755 5759780 4557250 5533956 6494736 5624304 6246713 6405243 5722700 5196206 5307999 5201049 6995197 5386946 5668544 4206217 5129578 4767974 5071084 6104365 5042942 5195729 6253526 5144365 6064996 5614028 4519059 5212457 4777347 
6224538 5951974 6730644 6280051 6146494 5109171 6000219 5244909 5542199 6142595 5407915 6235229 5771838 5844901 5181072 5937366 4710666 4904281 4408769 6433961 5853879 5578702 6023126 5340258 5394218 5446761 5649869 6228096 5672792 6324199 5553597 5386874 5102966 6757687 5397089 5680970 4576695 5561826 4494392 5967522 6148249 5695533 5384767 5843763 4699639 5551217 6346466 4377603 4830999 4990704 
5348409 6754032 6282859 5518218 6215099 5374505 5860703 5049783 5252302 5805077 6382267 5817133 5517034 5075885 5129628 6020717 4752850 4881431 4970883 6293041 5502018 5790525 5244825 4612676 5677368 5747720 5449473 5655260 5905631 5797552 5114453 5061948 4745005 6196600 5220132 5648236 3766480 4175736 4607958 4815802 6320357 5054327 5189460 5057040 4760147 6289873 5761370 4790621 5151787 4363326 
4583398 4346444 4186085 3947436 4553162 4152737 4374684 3761228 3878891 4130586 4452821 4050153 4146079 3895552 4150802 4000414 3575703 3689582 3581495 4504912 4237421 4227030 4115912 3107718 4980377 3946180 4556078 4793106 4515781 4473259 4259631 3944809 3691284 4123119 4160895 3936273 3309757 3259995 3887589 4230750 4882567 3838443 3417677 3965489 3359673 3778336 4507583 3022142 3669424 3795214 
5594170 6404843 6389489 5866306 5067393 5530358 6078911 5174759 6098849 5975210 6396338 5597689 5053139 5949563 5785920 5357017 5129623 5231291 4558464 6319416 5059204 6866126 5980643 4962873 5669370 6298732 5949051 5344797 5943346 5786151 5770070 4867297 4492229 6149794 4914433 5835515 3844596 5143244 4433879 5875561 5938899 5126557 5424606 5869368 5117586 5695983 6674671 4887306 5328374 5435833 
4863133 4590109 4699110 5146631 5310483 4103572 4668854 3622143 4142231 4947995 4789671 4891580 4335884 4467085 4637823 4552417 3689751 3666885 3348995 4410646 4747454 4895631 5061290 4304304 4418473 5793992 4953344 4485284 5434723 4601566 3858910 4374594 4287096 5066434 4762334 4551962 3931982 4761885 4203382 4356086 3788356 4152862 4044819 5271002 4361025 4889937 3919846 4183759 3503120 3379949 
5781867 5506849 5544679 5592519 5938993 5092390 5869337 4676393 5175403 5289771 5554417 5659998 4950135 5668506 4859847 5715065 4256996 4487525 4438516 5432045 5429294 5694896 4767642 4042367 5311079 5839540 4926307 5867627 5614560 5440748 4551668 5004180 4671729 5619684 5159502 4907005 4004432 4415197 4180042 4927480 5456913 4848242 4699814 5263016 4164056 5578436 4880469 4736487 4713640 4835657 
5018380 5448832 5190097 5210396 5556454 4537629 5481297 4270142 4690271 5922386 4433812 4865770 4350763 4067295 4454144 5380196 3441695 4531510 3887136 5175702 5258289 4544710 4657902 4982533 4840201 5104003 4995969 5063681 5199265 5236240 4282186 4258674 4456276 5311462 4665626 4282569 3771701 4609245 4174033 4810409 4857673 3942324 4220356 4099883 4060814 5261426 5094673 4417602 3718631 3898498 
4323752 5318629 4723731 4952551 4307364 4528396 4773628 3829666 4261816 4953332 4222442 4152096 3930473 4670563 3803454 5067482 3622182 3621143 3378173 4761260 4114960 4992712 4331238 3847930 4027255 4272663 4033832 4460542 4547956 5253734 4117504 4056938 3587632 4979126 3956191 4578081 3490006 3804984 4033009 4834295 4129168 3306887 3924152 4190005 3752021 4634848 4480924 4122084 3903512 4108571 
5735355 6403150 6935203 5838374 6037112 4816888 5846656 4648333 5038441 5859041 6076534 5573377 6106446 5621250 4935927 5383589 5122986 4694197 4053716 6352737 5890689 5541921 5160892 5527006 5337020 5559335 5814436 5419006 5734309 5564127 5611907 4444763 4962975 6353907 5073874 5472256 4574056 4859645 5114699 5955072 5592125 5416970 4944972 5465508 4710901 5891115 5525445 4533387 4983456 4386265 
5192932 5422810 4861491 4208682 4353171 4717371 4916839 4519188 4873964 4634782 5288862 5085492 4543567 4662385 4791792 4897099 3446484 3845670 4209668 4986966 4837960 5311224 5083410 3956655 4828602 5111645 4632708 5216949 5001387 5577951 4366954 4314679 4299312 5220502 4405685 4520129 3405581 4154778 3312783 4480660 5177672 4459751 4249267 5162708 4264002 4198535 5373839 3189841 4593468 4464571 
5455279 5398592 5377635 5823251 5473119 4816543 5440834 4806967 4980086 5939790 4583886 5848151 4725263 5489830 4831684 5739891 4325664 4260507 4002806 5051461 5232699 5221203 5921700 4319564 5117372 5161836 5072267 5258708 5328252 6122348 4740538 5795172 4774301 5789154 5231718 5564102 4177644 5097137 3964624 5142189 5449190 5147770 5402375 5566871 4316148 4616043 5796934 4463150 4499726 5021968 
3512839 4356764 4761616 4229534 3740205 3372114 4020839 3418025 3656831 4037376 4465811 4090953 3950989 4026530 3558550 3887331 3555710 3493893 2757759 3907511 3709492 4881791 3915130 3714944 3419576 4790188 3690174 3367401 3962399 3304107 3769288 2866222 3246505 4157388 3289123 3922746 2654696 3907799 3183552 3446654 3538117 3672820 3542398 4231354 3188177 4090845 3596534 3472765 3579771 3499885 
5567214 6221605 5939562 5824985 5489135 5545720 5673873 5202562 5214587 5761884 6108242 4965651 5389362 4807518 4907492 6077212 4347735 4643546 4472288 5931937 5560476 5913663 5376329 4605986 5344643 5860018 5025396 5877298 6003189 6316684 5220649 4368146 4362339 5899940 4612354 5244416 4163774 4756160 4708283 5321956 5280948 4024734 4575140 4815016 4654610 5751188 5360444 4368421 4745122 4892769 
4924562 5114912 5487817 4957337 4943147 3829737 3954640 4248289 4754033 4912561 5817769 5945634 5917152 4681624 4939456 5302498 5337633 4677049 4816130 4755453 5547760 5219736 5072313 4307635 4761375 5517757 4995112 5105554 5808027 5174263 4687283 5026410 5344084 6206861 4916629 5023938 4396039 5029951 5095570 4276015 4815467 4100714 4992464 5392803 4066631 4780294 4166151 4413763 4143876 4048259 
4301717 4474075 4952477 4908036 4952948 3415389 4139988 4010544 5031028 4962602 4998817 5125345 4781470 4160819 5029197 4266276 4387121 4531725 3800509 4780024 4463170 4166870 4929943 4255070 4184188 4926624 4870702 4111702 5099972 5202252 4722417 4119329 4263913 4886648 4176170 4147073 3872406 4745337 3754587 4202246 4392951 4051689 5211325 4487218 4109922 4731153 4687199 4037251 3477901 3281100 
5951935 5996797 6323294 6378972 5957685 5176107 6221142 4480684 5393567 5981455 6142106 5200198 4887655 5533413 5525354 5533521 4729063 4512275 4088748 5899365 5720626 5588120 5345085 5046220 5515891 6649976 5702403 5151756 6427734 5879393 4635337 4884498 4646464 6325678 5046761 5954710 4049148 4771385 4460639 5583476 5339291 4968514 4966004 5604047 5824353 6409746 5812633 5180785 4835357 4639818 
5945163 6484579 6879455 6223546 5499176 5481172 5405527 5073778 5351572 5787700 5307564 6968082 6113239 6423260 5175949 6346552 4885735 4715439 4366877 6003536 5926055 6324926 6418887 5578795 5175865 5814117 5472044 6378259 5856683 6692834 5650409 5768690 5764104 7682843 5949736 6003436 5063785 6232918 5148612 5861627 6067248 5657966 5192903 6650625 4816742 5446520 5861937 4382815 5399266 5242175 
4151610 3744481 4079339 3748184 4124071 3059218 4179436 3537851 3773434 3911546 4071121 3870760 3704048 3578367 3451313 3630621 2844321 3046030 2950127 4180488 3929635 3299474 3731044 3279764 3465113 4008300 3760942 3585877 3870194 4108020 3124059 3207469 3167677 3954625 3206406 3374013 2696993 3330046 2348228 3733239 3542657 3629871 3773178 3692315 3353492 3726299 3840341 2942956 2925077 2944706 
4324401 3674582 4381709 4608043 3978501 3575006 4471029 3440892 4089187 4005347 4378352 3785393 3807738 4651763 3585637 3498923 4131159 2948505 2418956 3883822 3818810 4421405 3702752 3114137 4075291 4479701 4527735 3888124 4317040 3784720 4211355 3485907 3378399 3928336 3842250 3654038 3575609 3693658 3516742 4858999 3322796 3960826 3688455 4236596 3174432 3821935 3627552 3681063 3511356 4132157 
5777023 5483284 5743564 6176574 5948999 4928265 6075870 4747455 5024395 5942410 5508909 5059242 4968364 4959986 4633782 5928487 4217463 4088766 4055510 5711324 5245900 5773614 5106193 4281685 4905190 5389526 5157915 5692821 5574312 5258789 4415123 4800199 4403726 5582128 4850148 5053447 3901401 4334810 4327535 5379528 4865572 4550942 4633198 5396295 4517816 5727488 5046869 4476158 4288479 4561402 
5193270 6183157 5630311 5142260 4756254 5239347 4520241 4339428 4949738 5465394 5518746 5647427 5022121 5415749 5225033 5045720 4737753 4581476 4439227 5566928 5236587 5834775 5939627 4919482 5114832 5787426 5496488 5090362 5891704 5853051 5203481 5332143 4724637 6621609 5219663 5614084 4538507 5175091 4913104 5264795 5245520 4401540 5007369 5450868 4574018 5089915 5518573 4476850 4868264 4189221 
4964434 6421852 6010754 5298414 5554778 4650358 5394272 5174722 5426186 6039995 6662807 5503339 5824670 3954693 5343707 5904317 4913969 4728445 4888306 5794165 5357620 5819865 5461985 4574037 5308071 5319794 5584489 5265585 5801830 5595241 5286305 4551898 4912743 5532932 4745833 5133515 3654858 4197304 4471670 4555157 5769052 4709016 5389187 5205359 4785596 5606294 5801986 4042072 4882912 4301621 
4705993 4847222 5023242 5136616 3996703 3944230 4415172 3623838 4544315 5205446 4395140 4740226 4385500 4561862 4637663 4877432 4049177 3997338 3421523 4130108 4817953 5319811 4804981 4621890 4120465 5024706 4518529 4533834 4986657 4844895 4318015 4113749 4569746 5290250 4279456 4551661 3907389 4881496 4257848 4675419 4072896 3765666 4042019 5204348 4109028 4179629 4704051 3888877 4017335 4425706 
5406570 5330786 5053687 5235633 4768652 4461102 4821875 3974995 4916704 5317570 4902649 5337771 4675698 5342977 5431409 5372606 4164693 4689209 4504943 4983342 5215329 5445069 5542017 4609537 4820871 5539020 4709729 4998665 5688954 6086364 4119661 5117519 4813183 6021298 4634371 5637942 3940346 5045625 4561757 4879226 4912879 3909197 4611014 5791063 5040859 4645385 5337628 4503153 4091801 4490237 
6138397 5935716 5894277 5211331 5423616 4995743 5746467 5161979 5909591 5639109 6434850 5863972 5937443 5725946 5449278 5398760 5232244 4944565 5022176 6234419 5687920 6078861 5336437 4350609 5656544 5317367 6000666 5956594 5848109 5815699 5524098 5194366 5167167 5933413 5207044 4841235 4533382 4531529 4757604 6024268 5745418 4992763 5505725 5740497 4348291 5124432 5685219 4328943 5045411 5006458 
4215351 4450919 4819703 4328855 3926994 3162039 4106708 3637293 4205804 4546268 4095737 4668844 4780879 3634381 4088208 4795319 3595366 3892221 3388355 3990917 4740636 4057886 3927313 4176871 3773290 3930782 3980504 4360137 4347668 4804282 3851353 3434411 4662376 4835454 3810965 3581039 3446643 4201365 3804227 3980681 4217165 3490963 3764503 4393353 3715383 3866994 4137285 3071596 3533883 3809459 
5050343 4916575 5737623 4767368 4795613 4182122 5022901 4286536 5206991 4389656 5591670 5688159 5234325 5436578 4758225 4269723 5042818 4352588 3896787 5384608 4754298 5204020 4703825 4331704 5114619 5461353 5831341 5021029 5337280 4711463 5014914 4451706 4857669 5951024 5061205 4468276 4040836 4843505 4540969 5429900 5040618 4984200 4526688 5402577 4243868 4956880 4715458 4297557 4228306 4350174 
5536372 5692265 5050567 5001747 5710119 5236929 5677883 4639635 4829288 5592619 5569684 4700317 4481011 4780484 5162925 4966717 3711171 4660158 4452009 5947452 4953020 5426079 5195443 3779387 5417377 5091894 5060475 5119501 5328514 5247048 4497606 4724624 3742338 4759497 4496138 4895026 3374907 3548775 3723918 4727951 5681440 4424813 4804266 4688837 4281662 5197419 5733452 3948993 4558824 4011574 
3449197 4270465 4077923 3508880 3470622 3901515 3655973 2868098 3057033 3010950 3639642 3666238 3036911 3941042 3046298 3706113 2530784 2867915 2798797 3967763 3269248 3840990 2913823 2450354 3284224 3592006 2706872 3599879 3415582 3536698 2745270 3183718 2674527 4242672 3233851 3553829 2121236 2240318 2405277 2789380 4290427 3181923 2862121 3231152 2977736 4162285 3473818 2764002 3835466 2844064 
5718348 6409496 6390564 6379280 5384497 5642491 6000052 5869082 5937270 6577173 5983954 6346618 5503542 5886866 5050590 6438629 5223860 5060886 4761719 6235676 5545526 6663069 6442790 4722269 5336716 6039781 5724401 5683994 5951636 6230028 5453608 5921231 4915849 6791802 5356106 5833852 4331701 5621654 4462982 5881575 5706016 5013590 6177457 5813546 4497811 5665112 6140562 5156282 5162594 5576700 
4889041 4433361 4759011 5076899 5075691 4015702 4521723 3528436 3990617 4656648 4270340 4848891 3950944 4676705 4456963 4769402 3417160 3687416 3652596 4449615 4467426 4716963 4622368 3528308 4113306 4723705 3826949 4678414 4631485 4484258 3466023 4644970 3840490 4948503 4275082 4876760 3144715 3782440 3218319 3604656 4798245 4359709 4127089 5013989 3951818 4564300 4621929 3649734 3933860 3644538 
4048529 4963027 5034980 4150757 4059567 3890647 4246385 3907666 3715124 4335484 4411800 5194365 4391310 4225800 3891281 4775901 3894009 3657113 3602838 3959555 4420678 5019694 4573224 3754708 4528485 4601164 4172506 4394086 4278532 4023422 3968138 4321805 4352998 5120699 4393535 4847317 2790575 4048085 3583540 3409676 5208316 4672111 3762138 4933072 3495451 3776160 4712136 3337029 4306382 4363577 
6195890 6094155 6985804 6119033 6196485 5242699 5831469 5131418 5249671 5715708 6316520 5647298 6693852 5765168 5452651 5519698 4990505 5576306 4563114 7392777 5743111 6018599 5633675 4819135 5301828 5009277 5613003 5988084 5761306 5796852 5594542 4578005 4693002 6394997 4827114 5195584 4523809 4734355 5288963 6037164 6082604 4825516 5159234 5720276 4726625 6109522 5532309 3903941 4883825 4113902 
6036786 6180467 6056454 5513496 4759455 4846562 5024329 5091766 5799370 5941487 6914014 5767834 5920895 5243749 5752406 5723251 5474661 4821249 5213245 5712634 6309378 5972781 6169379 5183038 5390518 6720224 5836893 5315352 6800066 6626011 5103094 5319949 5353545 6998039 4890383 5992724 4669870 5598232 4875301 5681367 4966610 4328939 5711527 5997483 5509866 5226674 5774621 4802733 4881563 4987593 
5945983 6230757 6749301 6377773 5886803 4962633 6135889 5388534 6567157 6273401 6677811 5848355 5699530 5188826 5658762 6106434 5240964 4912155 4782153 6175961 5842817 5992022 5676066 5797475 5491219 6646779 6071107 6234350 6500256 6626145 6008860 4562198 5225264 6646651 5121103 5508990 4587951 5807157 4706352 6037562 5453436 5113573 5390667 5577157 5393052 6253845 6291870 5111078 4762561 5318411 
5429445 4932941 4805153 5288336 4322067 4219634 5150013 4206633 5074121 5818675 4955236 5075726 4155989 4875063 4889304 4985479 4027408 3716123 3674142 4361978 5239001 5351246 5412758 4417418 4402059 5785406 5163943 4331027 5468537 5145839 3855083 4991821 4650599 5380520 4616006 4728618 3925227 4885287 3440222 5091267 3905339 4318914 5093425 5661260 4586757 4323822 5125296 4303988 4204903 4608261 
